                                     SARIMAX Results                                     
=========================================================================================
Dep. Variable:                            amount   No. Observations:                  820
Model:             SARIMAX(2, 1, 1)x(2, 1, 1, 7)   Log Likelihood               -9121.172
Date:                           Wed, 06 Mar 2024   AIC                          18496.345
Time:                                   03:13:44   BIC                          19093.181
Sample:                               01-01-2021   HQIC                         18725.461
                                    - 03-31-2023                                         
Covariance Type:                             opg                                         
===========================================================================================
                              coef    std err          z      P>|z|      [0.025      0.975]
-------------------------------------------------------------------------------------------
var_rate_lag_2          -2.161e-08   1.17e+04  -1.85e-12      1.000    -2.3e+04     2.3e+04
var_rate_lag_3           2.434e-09   1.18e+04   2.06e-13      1.000   -2.32e+04    2.32e+04
var_rate_lag_4          -5.236e-09   1.16e+04  -4.52e-13      1.000   -2.27e+04    2.27e+04
var_rate_lag_5           1.116e-08   1.18e+04   9.42e-13      1.000   -2.32e+04    2.32e+04
var_rate_lag_6           8.056e-09   1.16e+04   6.96e-13      1.000   -2.27e+04    2.27e+04
var_rate_lag_7          -5.833e-09   1.16e+04  -5.03e-13      1.000   -2.27e+04    2.27e+04
var_rate_lag_8          -2.616e-09   1.16e+04  -2.25e-13      1.000   -2.28e+04    2.28e+04
var_rate_lag_9          -9.585e-09   1.16e+04  -8.25e-13      1.000   -2.28e+04    2.28e+04
var_rate_lag_10         -6.012e-09   1.16e+04  -5.18e-13      1.000   -2.28e+04    2.28e+04
var_rate_lag_11          8.729e-09   1.16e+04   7.52e-13      1.000   -2.28e+04    2.28e+04
var_rate_lag_12         -5.244e-09   1.16e+04  -4.52e-13      1.000   -2.28e+04    2.28e+04
var_rate_lag_13         -1.685e-08   1.16e+04  -1.45e-12      1.000   -2.28e+04    2.28e+04
var_rate_lag_14         -1.005e-08   1.16e+04  -8.66e-13      1.000   -2.28e+04    2.28e+04
var_rate_lag_15          1.013e-08   1.16e+04   8.72e-13      1.000   -2.28e+04    2.28e+04
var_rate_lag_16          7.011e-09   1.16e+04   6.04e-13      1.000   -2.28e+04    2.28e+04
var_rate_lag_17         -6.302e-09   1.16e+04  -5.43e-13      1.000   -2.28e+04    2.28e+04
var_rate_lag_18          8.406e-09   1.16e+04   7.24e-13      1.000   -2.28e+04    2.28e+04
var_rate_lag_19         -2.084e-08   1.16e+04  -1.79e-12      1.000   -2.28e+04    2.28e+04
var_rate_lag_20          2.109e-09   1.16e+04   1.82e-13      1.000   -2.28e+04    2.28e+04
var_rate_lag_21          1.128e-08   1.16e+04   9.71e-13      1.000   -2.28e+04    2.28e+04
var_rate_lag_22         -9.363e-09   1.16e+04  -8.06e-13      1.000   -2.28e+04    2.28e+04
var_rate_lag_23         -2.305e-09   1.16e+04  -1.99e-13      1.000   -2.28e+04    2.28e+04
var_rate_lag_24          3.854e-09   1.16e+04   3.32e-13      1.000   -2.28e+04    2.28e+04
var_rate_lag_25         -2.362e-09   1.16e+04  -2.03e-13      1.000   -2.28e+04    2.28e+04
var_rate_lag_26         -4.431e-10   1.16e+04  -3.82e-14      1.000   -2.28e+04    2.28e+04
var_rate_lag_27         -1.015e-09   1.16e+04  -8.74e-14      1.000   -2.28e+04    2.28e+04
var_rate_lag_28         -1.174e-09   1.16e+04  -1.01e-13      1.000   -2.28e+04    2.28e+04
var_rate_lag_29         -1.116e-09   1.16e+04  -9.61e-14      1.000   -2.28e+04    2.28e+04
ratio_coupon_tx_lag_2   -1.431e+04   5.36e+04     -0.267      0.789   -1.19e+05    9.07e+04
ratio_coupon_tx_lag_3    3.439e+04   5.59e+04      0.616      0.538   -7.51e+04    1.44e+05
ratio_coupon_tx_lag_4    1.762e+04   4.45e+04      0.396      0.692   -6.95e+04    1.05e+05
ratio_coupon_tx_lag_5    6974.3969    4.5e+04      0.155      0.877   -8.12e+04    9.51e+04
ratio_coupon_tx_lag_6    -652.8117   5.84e+04     -0.011      0.991   -1.15e+05    1.14e+05
ratio_coupon_tx_lag_7    1902.5833   5.28e+04      0.036      0.971   -1.02e+05    1.05e+05
ratio_coupon_tx_lag_8    3.393e+04   4.53e+04      0.749      0.454   -5.49e+04    1.23e+05
ratio_coupon_tx_lag_9   -2.868e+04   4.15e+04     -0.691      0.489    -1.1e+05    5.26e+04
ratio_coupon_tx_lag_10   4.318e+04    4.4e+04      0.982      0.326    -4.3e+04    1.29e+05
ratio_coupon_tx_lag_11   4.242e+04   3.57e+04      1.188      0.235   -2.76e+04    1.12e+05
ratio_coupon_tx_lag_12   7836.2464   4.54e+04      0.173      0.863   -8.12e+04    9.69e+04
ratio_coupon_tx_lag_13   2303.5144   4.64e+04      0.050      0.960   -8.86e+04    9.33e+04
ratio_coupon_tx_lag_14   2.828e+04   4.34e+04      0.652      0.514   -5.67e+04    1.13e+05
ratio_coupon_tx_lag_15   2.606e+04   4.41e+04      0.590      0.555   -6.05e+04    1.13e+05
ratio_coupon_tx_lag_16  -7137.4570   3.58e+04     -0.200      0.842   -7.72e+04    6.29e+04
ratio_coupon_tx_lag_17   1.047e+04   3.62e+04      0.289      0.772   -6.05e+04    8.14e+04
ratio_coupon_tx_lag_18   2.439e+04   3.55e+04      0.688      0.492   -4.51e+04    9.39e+04
ratio_coupon_tx_lag_19  -5211.1067   3.67e+04     -0.142      0.887   -7.72e+04    6.68e+04
ratio_coupon_tx_lag_20   9757.0362   4.97e+04      0.197      0.844   -8.76e+04    1.07e+05
ratio_coupon_tx_lag_21   2.618e+04    4.6e+04      0.570      0.569   -6.39e+04    1.16e+05
ratio_coupon_tx_lag_22   1.662e+04   4.94e+04      0.336      0.736   -8.02e+04    1.13e+05
ratio_coupon_tx_lag_23   1.071e+04   4.99e+04      0.215      0.830    -8.7e+04    1.08e+05
ratio_coupon_tx_lag_24   -508.3887   4.37e+04     -0.012      0.991   -8.62e+04    8.52e+04
ratio_coupon_tx_lag_25    756.4002   3.59e+04      0.021      0.983   -6.96e+04    7.11e+04
ratio_coupon_tx_lag_26  -1.578e+04   3.39e+04     -0.466      0.641   -8.21e+04    5.06e+04
ratio_coupon_tx_lag_27   8447.9286   3.83e+04      0.220      0.826   -6.67e+04    8.36e+04
ratio_coupon_tx_lag_28  -6966.8420   4.02e+04     -0.173      0.862   -8.58e+04    7.19e+04
ratio_coupon_tx_lag_29     1.9e+04   3.82e+04      0.497      0.619   -5.59e+04    9.39e+04
tx_lag_2                  -58.7567     20.970     -2.802      0.005     -99.857     -17.657
tx_lag_3                  -65.0916     25.174     -2.586      0.010    -114.431     -15.752
tx_lag_4                  -71.5225     15.444     -4.631      0.000    -101.792     -41.253
tx_lag_5                  -52.6784     15.611     -3.374      0.001     -83.276     -22.081
tx_lag_6                  -34.0021     16.461     -2.066      0.039     -66.265      -1.739
tx_lag_7                  -84.0584     25.146     -3.343      0.001    -133.344     -34.773
tx_lag_8                    6.3371     14.826      0.427      0.669     -22.722      35.396
tx_lag_9                  -62.0364     16.701     -3.715      0.000     -94.770     -29.303
tx_lag_10                 -53.3291     18.192     -2.931      0.003     -88.986     -17.673
tx_lag_11                 -37.7390     17.660     -2.137      0.033     -72.353      -3.125
tx_lag_12                 -64.2789     17.342     -3.707      0.000     -98.268     -30.290
tx_lag_13                 -24.2505     19.123     -1.268      0.205     -61.731      13.230
tx_lag_14                 -57.6181     20.829     -2.766      0.006     -98.443     -16.794
tx_lag_15                 -17.9493     16.916     -1.061      0.289     -51.103      15.205
tx_lag_16                 -38.6320     16.712     -2.312      0.021     -71.386      -5.878
tx_lag_17                 -33.2903     20.036     -1.662      0.097     -72.561       5.980
tx_lag_18                 -37.0642     17.436     -2.126      0.034     -71.239      -2.890
tx_lag_19                 -34.2009     14.643     -2.336      0.020     -62.901      -5.501
tx_lag_20                 -22.5412     15.922     -1.416      0.157     -53.747       8.664
tx_lag_21                 -41.5504     14.391     -2.887      0.004     -69.757     -13.344
var_tx_cancelled_lag_2    129.4378    152.994      0.846      0.398    -170.425     429.301
var_tx_cancelled_lag_3    325.8618    278.327      1.171      0.242    -219.648     871.372
var_tx_cancelled_lag_4    515.3590    367.281      1.403      0.161    -204.498    1235.216
var_tx_cancelled_lag_5    690.7752    436.678      1.582      0.114    -165.099    1546.649
var_tx_cancelled_lag_6    879.9405    511.379      1.721      0.085    -122.344    1882.225
var_tx_cancelled_lag_7    890.4811    573.436      1.553      0.120    -233.433    2014.395
var_tx_cancelled_lag_8    824.5787    631.415      1.306      0.192    -412.973    2062.130
var_tx_cancelled_lag_9    775.7663    703.798      1.102      0.270    -603.653    2155.185
var_tx_cancelled_lag_10  1033.1220    782.018      1.321      0.186    -499.606    2565.850
var_tx_cancelled_lag_11  1216.0166    833.058      1.460      0.144    -416.747    2848.780
var_tx_cancelled_lag_12  1420.2184    869.055      1.634      0.102    -283.098    3123.535
var_tx_cancelled_lag_13  1370.4083    900.435      1.522      0.128    -394.411    3135.228
var_tx_cancelled_lag_14  1200.7419    900.275      1.334      0.182    -563.765    2965.248
var_tx_cancelled_lag_15  1055.4938    896.427      1.177      0.239    -701.470    2812.458
var_tx_cancelled_lag_16  1007.5983    878.410      1.147      0.251    -714.053    2729.250
var_tx_cancelled_lag_17   970.5080    857.380      1.132      0.258    -709.926    2650.942
var_tx_cancelled_lag_18  1165.8657    840.863      1.387      0.166    -482.196    2813.927
var_tx_cancelled_lag_19  1181.0305    818.976      1.442      0.149    -424.133    2786.194
var_tx_cancelled_lag_20  1259.8129    774.377      1.627      0.104    -257.937    2777.563
var_tx_cancelled_lag_21  1135.0692    713.929      1.590      0.112    -264.206    2534.345
var_tx_cancelled_lag_22   771.8113    657.651      1.174      0.241    -517.161    2060.784
var_tx_cancelled_lag_23   624.1332    583.224      1.070      0.285    -518.964    1767.231
var_tx_cancelled_lag_24   660.8185    513.330      1.287      0.198    -345.289    1666.926
var_tx_cancelled_lag_25   494.9956    427.786      1.157      0.247    -343.450    1333.441
var_tx_cancelled_lag_26   256.1910    365.111      0.702      0.483    -459.413     971.795
var_tx_cancelled_lag_27   152.3986    295.416      0.516      0.606    -426.606     731.403
var_tx_cancelled_lag_28   170.1397    212.299      0.801      0.423    -245.959     586.238
var_tx_cancelled_lag_29    48.2332    131.477      0.367      0.714    -209.457     305.924
margin_lag_1            -4984.7730   8112.265     -0.614      0.539   -2.09e+04    1.09e+04
margin_lag_10           -5815.6478   7613.742     -0.764      0.445   -2.07e+04    9107.012
margin_lag_2            -1657.4130   9182.290     -0.181      0.857   -1.97e+04    1.63e+04
margin_lag_3             7852.3842   9021.349      0.870      0.384   -9829.134    2.55e+04
margin_lag_4             3737.4232   8499.761      0.440      0.660   -1.29e+04    2.04e+04
margin_lag_5             1922.4541   8830.990      0.218      0.828   -1.54e+04    1.92e+04
margin_lag_6             8101.3638   8661.328      0.935      0.350   -8874.527    2.51e+04
margin_lag_7            -2870.3292   9263.747     -0.310      0.757    -2.1e+04    1.53e+04
margin_lag_8             6336.8401   9512.998      0.666      0.505   -1.23e+04     2.5e+04
margin_lag_9             2985.7430   8242.529      0.362      0.717   -1.32e+04    1.91e+04
is_holiday               3133.2155   7281.875      0.430      0.667   -1.11e+04    1.74e+04
is_fourth_of_july       -1.427e+04   2.14e+04     -0.667      0.505   -5.62e+04    2.77e+04
var_30ds                 1.681e+04   2.17e+04      0.773      0.439   -2.58e+04    5.94e+04
christmas_day           -6.667e+04   2.04e+04     -3.266      0.001   -1.07e+05   -2.67e+04
post_holiday             9479.9969   5379.162      1.762      0.078   -1062.966       2e+04
new_year_day            -6.758e+04   2.51e+04     -2.693      0.007   -1.17e+05   -1.84e+04
ar.L1                      -0.0062      0.352     -0.018      0.986      -0.695       0.683
ar.L2                      -0.1067      0.138     -0.774      0.439      -0.377       0.164
ma.L1                      -0.3705      0.347     -1.067      0.286      -1.051       0.310
ar.S.L7                     0.3061      0.085      3.584      0.000       0.139       0.474
ar.S.L14                    0.0657      0.079      0.826      0.409      -0.090       0.221
ma.S.L7                    -0.8919      0.034    -25.901      0.000      -0.959      -0.824
sigma2                   4.107e+08     24.088    1.7e+07      0.000    4.11e+08    4.11e+08
===================================================================================
Ljung-Box (L1) (Q):                   0.00   Jarque-Bera (JB):               602.25
Prob(Q):                              0.95   Prob(JB):                         0.00
Heteroskedasticity (H):               3.83   Skew:                            -0.13
Prob(H) (two-sided):                  0.00   Kurtosis:                         7.21
===================================================================================

Warnings:
[1] Covariance matrix calculated using the outer product of gradients (complex-step).
[2] Covariance matrix is singular or near-singular, with condition number 1.94e+23. Standard errors may be unstable.

Contenido de la variable "exogenas":
['tx_lag_2', 'tx_lag_3', 'tx_lag_4', 'tx_lag_5', 'tx_lag_6', 'tx_lag_7', 'tx_lag_9', 'tx_lag_10', 'tx_lag_11', 'tx_lag_12', 'tx_lag_14', 'tx_lag_16', 'tx_lag_18', 'tx_lag_19', 'tx_lag_21', 'christmas_day', 'new_year_day']