                                     SARIMAX Results                                     
=========================================================================================
Dep. Variable:                            amount   No. Observations:                  820
Model:             SARIMAX(2, 1, 1)x(2, 1, 1, 7)   Log Likelihood               -9371.497
Date:                           Wed, 06 Mar 2024   AIC                          18996.994
Time:                                   03:08:52   BIC                          19593.831
Sample:                               01-01-2021   HQIC                         19226.110
                                    - 03-31-2023                                         
Covariance Type:                             opg                                         
===========================================================================================
                              coef    std err          z      P>|z|      [0.025      0.975]
-------------------------------------------------------------------------------------------
var_rate_lag_2          -1.497e-09   2985.796  -5.01e-13      1.000   -5852.052    5852.052
var_rate_lag_3           -2.09e-08   2985.525     -7e-12      1.000   -5851.521    5851.521
var_rate_lag_4           1.806e-08   2964.343   6.09e-12      1.000   -5810.006    5810.006
var_rate_lag_5           3.597e-08   2961.284   1.21e-11      1.000   -5804.010    5804.010
var_rate_lag_6          -2.489e-08   2974.013  -8.37e-12      1.000   -5828.958    5828.958
var_rate_lag_7          -8.147e-09   2976.910  -2.74e-12      1.000   -5834.636    5834.636
var_rate_lag_8          -2.461e-08   2976.930  -8.27e-12      1.000   -5834.676    5834.676
var_rate_lag_9          -9.226e-09   2976.930   -3.1e-12      1.000   -5834.676    5834.676
var_rate_lag_10          1.679e-09   2976.930   5.64e-13      1.000   -5834.676    5834.676
var_rate_lag_11         -3.646e-09   2976.930  -1.22e-12      1.000   -5834.676    5834.676
var_rate_lag_12          2.152e-09   2976.930   7.23e-13      1.000   -5834.676    5834.676
var_rate_lag_13         -9.798e-09   2976.930  -3.29e-12      1.000   -5834.676    5834.676
var_rate_lag_14          1.627e-08   2976.930   5.47e-12      1.000   -5834.676    5834.676
var_rate_lag_15          -1.65e-09   2976.930  -5.54e-13      1.000   -5834.676    5834.676
var_rate_lag_16         -8.389e-10   2976.930  -2.82e-13      1.000   -5834.676    5834.676
var_rate_lag_17         -2.003e-08   2976.930  -6.73e-12      1.000   -5834.676    5834.676
var_rate_lag_18         -5.872e-09   2976.930  -1.97e-12      1.000   -5834.676    5834.676
var_rate_lag_19         -6.248e-09   2976.930   -2.1e-12      1.000   -5834.676    5834.676
var_rate_lag_20          4.894e-09   2976.930   1.64e-12      1.000   -5834.676    5834.676
var_rate_lag_21           1.51e-08   2976.930   5.07e-12      1.000   -5834.676    5834.676
var_rate_lag_22          7.999e-09   2976.930   2.69e-12      1.000   -5834.676    5834.676
var_rate_lag_23         -8.204e-09   2976.930  -2.76e-12      1.000   -5834.676    5834.676
var_rate_lag_24          3.639e-09   2976.930   1.22e-12      1.000   -5834.676    5834.676
var_rate_lag_25          3.282e-09   2976.930    1.1e-12      1.000   -5834.676    5834.676
var_rate_lag_26          4.945e-09   2976.930   1.66e-12      1.000   -5834.676    5834.676
var_rate_lag_27         -3.321e-09   2976.930  -1.12e-12      1.000   -5834.676    5834.676
var_rate_lag_28         -2.644e-09   2976.930  -8.88e-13      1.000   -5834.676    5834.676
var_rate_lag_29          3.036e-09   2976.930   1.02e-12      1.000   -5834.676    5834.676
ratio_coupon_tx_lag_2    8.363e+04   5.68e+04      1.473      0.141   -2.76e+04    1.95e+05
ratio_coupon_tx_lag_3    8.574e+04      6e+04      1.430      0.153   -3.18e+04    2.03e+05
ratio_coupon_tx_lag_4    4.392e+04   6.13e+04      0.717      0.473   -7.61e+04    1.64e+05
ratio_coupon_tx_lag_5    1.101e+05   6.42e+04      1.714      0.087   -1.58e+04    2.36e+05
ratio_coupon_tx_lag_6    1.315e+04   6.24e+04      0.211      0.833   -1.09e+05    1.35e+05
ratio_coupon_tx_lag_7    7.437e+04    6.5e+04      1.144      0.253   -5.31e+04    2.02e+05
ratio_coupon_tx_lag_8   -1.755e+04   4.17e+04     -0.421      0.674   -9.93e+04    6.42e+04
ratio_coupon_tx_lag_9    6.938e+04   5.05e+04      1.375      0.169   -2.95e+04    1.68e+05
ratio_coupon_tx_lag_10   5.013e+04   5.27e+04      0.952      0.341   -5.31e+04    1.53e+05
ratio_coupon_tx_lag_11  -9082.3665   6.14e+04     -0.148      0.882   -1.29e+05    1.11e+05
ratio_coupon_tx_lag_12   7.377e+04   6.05e+04      1.219      0.223   -4.48e+04    1.92e+05
ratio_coupon_tx_lag_13  -5.265e+04   4.82e+04     -1.093      0.274   -1.47e+05    4.18e+04
ratio_coupon_tx_lag_14  -8604.1835   5.57e+04     -0.154      0.877   -1.18e+05    1.01e+05
ratio_coupon_tx_lag_15  -5.814e+04   3.71e+04     -1.566      0.117   -1.31e+05    1.46e+04
ratio_coupon_tx_lag_16  -2.041e+04   5.18e+04     -0.394      0.693   -1.22e+05    8.11e+04
ratio_coupon_tx_lag_17  -1.307e+04   4.93e+04     -0.265      0.791    -1.1e+05    8.35e+04
ratio_coupon_tx_lag_18   3032.3422   5.75e+04      0.053      0.958    -1.1e+05    1.16e+05
ratio_coupon_tx_lag_19   5.022e+04   5.73e+04      0.877      0.381   -6.21e+04    1.63e+05
ratio_coupon_tx_lag_20    -4.6e+04   5.54e+04     -0.830      0.406   -1.55e+05    6.26e+04
ratio_coupon_tx_lag_21   1.809e+04   5.29e+04      0.342      0.732   -8.56e+04    1.22e+05
ratio_coupon_tx_lag_22  -5.708e+04   2.89e+04     -1.974      0.048   -1.14e+05    -414.531
ratio_coupon_tx_lag_23    187.9085   4.15e+04      0.005      0.996   -8.11e+04    8.15e+04
ratio_coupon_tx_lag_24  -4914.2119    3.3e+04     -0.149      0.881   -6.95e+04    5.97e+04
ratio_coupon_tx_lag_25  -3.527e+04   4.47e+04     -0.790      0.430   -1.23e+05    5.22e+04
ratio_coupon_tx_lag_26   7771.9864   5.35e+04      0.145      0.884   -9.71e+04    1.13e+05
ratio_coupon_tx_lag_27  -5.072e+04   4.14e+04     -1.226      0.220   -1.32e+05    3.03e+04
ratio_coupon_tx_lag_28  -6625.6790   4.45e+04     -0.149      0.882   -9.39e+04    8.07e+04
ratio_coupon_tx_lag_29  -5.086e+04    2.5e+04     -2.037      0.042   -9.98e+04   -1921.902
tx_lag_2                 -120.5852     50.211     -2.402      0.016    -218.997     -22.174
tx_lag_3                 -114.1870     52.627     -2.170      0.030    -217.334     -11.040
tx_lag_4                 -165.8314     42.581     -3.894      0.000    -249.289     -82.374
tx_lag_5                 -118.5311     38.126     -3.109      0.002    -193.257     -43.806
tx_lag_6                  -45.3088     37.495     -1.208      0.227    -118.798      28.181
tx_lag_7                 -280.9329     50.704     -5.541      0.000    -380.311    -181.554
tx_lag_8                  -34.3118     39.838     -0.861      0.389    -112.392      43.768
tx_lag_9                 -164.0504     45.775     -3.584      0.000    -253.768     -74.332
tx_lag_10                -112.3803     40.695     -2.761      0.006    -192.142     -32.619
tx_lag_11                -140.7269     42.418     -3.318      0.001    -223.864     -57.590
tx_lag_12                -106.0478     39.354     -2.695      0.007    -183.181     -28.915
tx_lag_13                -115.2980     39.402     -2.926      0.003    -192.525     -38.071
tx_lag_14                -168.8532     47.615     -3.546      0.000    -262.177     -75.529
tx_lag_15                   6.5785     39.514      0.166      0.868     -70.867      84.024
tx_lag_16                 -79.6685     38.798     -2.053      0.040    -155.711      -3.626
tx_lag_17                 -72.7898     37.335     -1.950      0.051    -145.965       0.386
tx_lag_18                 -55.2200     38.683     -1.427      0.153    -131.037      20.598
tx_lag_19                 -45.5264     39.164     -1.162      0.245    -122.286      31.233
tx_lag_20                 -44.2383     34.809     -1.271      0.204    -112.463      23.986
tx_lag_21                 -81.8000     39.457     -2.073      0.038    -159.134      -4.466
var_tx_cancelled_lag_2    126.7666    424.798      0.298      0.765    -705.822     959.355
var_tx_cancelled_lag_3   -201.3771    724.681     -0.278      0.781   -1621.726    1218.972
var_tx_cancelled_lag_4    215.7531   1024.768      0.211      0.833   -1792.755    2224.261
var_tx_cancelled_lag_5    914.1656   1311.279      0.697      0.486   -1655.894    3484.225
var_tx_cancelled_lag_6   1540.7127   1572.432      0.980      0.327   -1541.198    4622.623
var_tx_cancelled_lag_7   1824.0745   1790.204      1.019      0.308   -1684.661    5332.810
var_tx_cancelled_lag_8   2007.4010   1987.898      1.010      0.313   -1888.807    5903.609
var_tx_cancelled_lag_9   2049.9220   2289.383      0.895      0.371   -2437.186    6537.030
var_tx_cancelled_lag_10  2388.9715   2597.145      0.920      0.358   -2701.340    7479.283
var_tx_cancelled_lag_11  3157.5489   2816.539      1.121      0.262   -2362.767    8677.864
var_tx_cancelled_lag_12  4009.3546   3008.131      1.333      0.183   -1886.474    9905.184
var_tx_cancelled_lag_13  4290.1686   3144.820      1.364      0.173   -1873.565    1.05e+04
var_tx_cancelled_lag_14  4855.2934   3148.096      1.542      0.123   -1314.862     1.1e+04
var_tx_cancelled_lag_15  4365.6283   3107.225      1.405      0.160   -1724.421    1.05e+04
var_tx_cancelled_lag_16  3783.4860   3137.323      1.206      0.228   -2365.555    9932.527
var_tx_cancelled_lag_17  3460.3008   3116.843      1.110      0.267   -2648.600    9569.201
var_tx_cancelled_lag_18  3401.5265   3079.467      1.105      0.269   -2634.118    9437.171
var_tx_cancelled_lag_19  3160.2515   2962.466      1.067      0.286   -2646.075    8966.578
var_tx_cancelled_lag_20  2625.9651   2796.319      0.939      0.348   -2854.720    8106.650
var_tx_cancelled_lag_21  2491.7775   2542.181      0.980      0.327   -2490.806    7474.361
var_tx_cancelled_lag_22  1801.7685   2259.615      0.797      0.425   -2626.995    6230.532
var_tx_cancelled_lag_23  1659.9107   2023.024      0.821      0.412   -2305.143    5624.965
var_tx_cancelled_lag_24  1134.2399   1815.685      0.625      0.532   -2424.438    4692.918
var_tx_cancelled_lag_25   921.9586   1569.397      0.587      0.557   -2154.003    3997.920
var_tx_cancelled_lag_26   615.8526   1321.625      0.466      0.641   -1974.486    3206.191
var_tx_cancelled_lag_27   820.3912   1073.336      0.764      0.445   -1283.309    2924.092
var_tx_cancelled_lag_28   519.6323    760.769      0.683      0.495    -971.448    2010.713
var_tx_cancelled_lag_29   134.8630    421.286      0.320      0.749    -690.842     960.568
margin_lag_1            -4.664e+04   1.02e+04     -4.554      0.000   -6.67e+04   -2.66e+04
margin_lag_10           -1.543e+04   9884.804     -1.561      0.118   -3.48e+04    3940.982
margin_lag_2             -4.44e+04   1.28e+04     -3.465      0.001   -6.95e+04   -1.93e+04
margin_lag_3            -3.807e+04   1.33e+04     -2.866      0.004   -6.41e+04    -1.2e+04
margin_lag_4            -2.871e+04   1.08e+04     -2.667      0.008   -4.98e+04   -7609.154
margin_lag_5            -2.224e+04   1.11e+04     -2.002      0.045    -4.4e+04    -469.849
margin_lag_6            -1.671e+04    1.1e+04     -1.513      0.130   -3.84e+04    4931.883
margin_lag_7            -5.336e+04   1.12e+04     -4.767      0.000   -7.53e+04   -3.14e+04
margin_lag_8            -2.476e+04   1.14e+04     -2.165      0.030   -4.72e+04   -2347.133
margin_lag_9             -3.41e+04   1.04e+04     -3.273      0.001   -5.45e+04   -1.37e+04
is_holiday              -5142.0456    1.1e+04     -0.466      0.641   -2.68e+04    1.65e+04
is_fourth_of_july       -2.389e+04   3.26e+04     -0.732      0.464   -8.79e+04    4.01e+04
var_30ds                 7.964e+04   5.29e+04      1.504      0.132   -2.41e+04    1.83e+05
christmas_day             1.89e+04   4.92e+04      0.385      0.701   -7.74e+04    1.15e+05
post_holiday             1.438e+04   9123.005      1.577      0.115   -3497.387    3.23e+04
new_year_day             3585.2786   5.02e+04      0.071      0.943   -9.49e+04    1.02e+05
ar.L1                      -0.4126      0.661     -0.624      0.533      -1.709       0.884
ar.L2                      -0.1567      0.195     -0.804      0.422      -0.539       0.225
ma.L1                       0.0853      0.672      0.127      0.899      -1.232       1.403
ar.S.L7                     0.4493      0.088      5.115      0.000       0.277       0.621
ar.S.L14                   -0.0151      0.082     -0.183      0.855      -0.177       0.146
ma.S.L7                    -0.9575      0.025    -37.707      0.000      -1.007      -0.908
sigma2                   7.701e+08     25.682      3e+07      0.000     7.7e+08     7.7e+08
===================================================================================
Ljung-Box (L1) (Q):                   0.15   Jarque-Bera (JB):                70.86
Prob(Q):                              0.70   Prob(JB):                         0.00
Heteroskedasticity (H):               1.29   Skew:                            -0.20
Prob(H) (two-sided):                  0.04   Kurtosis:                         4.39
===================================================================================

Warnings:
[1] Covariance matrix calculated using the outer product of gradients (complex-step).
[2] Covariance matrix is singular or near-singular, with condition number 3.38e+20. Standard errors may be unstable.

Contenido de la variable "exogenas":
['ratio_coupon_tx_lag_22', 'ratio_coupon_tx_lag_29', 'tx_lag_2', 'tx_lag_3', 'tx_lag_4', 'tx_lag_5', 'tx_lag_7', 'tx_lag_9', 'tx_lag_10', 'tx_lag_11', 'tx_lag_12', 'tx_lag_13', 'tx_lag_14', 'tx_lag_16', 'tx_lag_21', 'margin_lag_1', 'margin_lag_2', 'margin_lag_3', 'margin_lag_4', 'margin_lag_5', 'margin_lag_7', 'margin_lag_8', 'margin_lag_9']